0d 08 18 08 09 f8 17 08 99 f8 17 08 5d f9 17 08
d9 f9 17 08 51 0a 18 08 89 fa 17 08 fd 2f 18 08
31 30 18 08 65 fb 17 08 c5 fc 17 08 69 30 18 08
9d 30 18 08 d5 30 18 08 09 31 18 08 25 fd 17 08
89 fd 17 08 a5 fd 17 08 01 ff 17 08 d9 08 18 08
91 00 18 08 d1 00 18 08 35 01 18 08 11 02 18 08
55 06 18 08 a1 03 18 08 bd 03 18 08 75 04 18 08
95 05 18 08 71 06 18 08 6d fa 17 08 b9 ff 17 08
8d 0a 18 08 f9 0a 18 08 5d 0b 18 08 c5 0b 18 08
31 0c 18 08 9d 0c 18 08 5d 0e 18 08 a9 0f 18 08
0d 10 18 08 f9 10 18 08 e1 11 18 08 55 13 18 08
19 14 18 08 a1 15 18 08 a1 16 18 08 d5 16 18 08
61 19 18 08 95 19 18 08 79 1a 18 08 b1 1d 18 08
e5 1d 18 08 91 1e 18 08 f9 1e 18 08 1d 20 18 08
e1 20 18 08 b1 22 18 08 71 23 18 08 a1 24 18 08
49 25 18 08 dd 25 18 08 fd 27 18 08 c9 28 18 08
fd 28 18 08 ad 29 18 08 6d 2a 18 08 25 2b 18 08
19 2c 18 08 25 2d 18 08 41 2d 18 08 5d 2d 18 08
79 2d 18 08 b5 2d 18 08 c5 2d 18 08 d5 2d 18 08
01 2e 18 08 21 2e 18 08 3d 2e 18 08 7d 2e 18 08
bd 2e 18 08 d9 2e 18 08 f5 2e 18 08 11 2f 18 08
49 2f 18 08 81 2f 18 08 b9 2f 18 08 95 31 18 08
b5 31 18 08 d5 31 18 08 e9 33 18 08 45 35 18 08
19 36 18 08 39 36 18 08 59 36 18 08 75 36 18 08
d9 36 18 08 3d 37 18 08 5d 37 18 08 7d 37 18 08
9d 37 18 08 3d 39 18 08 6d 39 18 08 61 3a 18 08
0d 3c 18 08 2d 3c 18 08 4d 3c 18 08 f1 3c 18 08
29 3d 18 08 61 3d 18 08 95 3d 18 08 c9 3d 18 08
fd 3d 18 08 31 3e 18 08 59 3e 18 08 81 3e 18 08
b1 3e 18 08 e1 3e 18 08 15 3f 18 08 45 3f 18 08
79 3f 18 08 49 40 18 08 71 40 18 08 99 40 18 08
91 41 18 08 bd 41 18 08 e9 41 18 08 15 42 18 08
3d 42 18 08 65 42 18 08 dd 42 18 08 61 43 18 08
e5 43 18 08 51 45 18 08 7d 45 18 08 a9 45 18 08
ed 46 18 08 19 47 18 08 45 47 18 08 35 48 18 08
6d 48 18 08 a5 48 18 08 d5 49 18 08 3d 4a 18 08
a5 4a 18 08 0d 4b 18 08 79 4b 18 08 e1 4b 18 08
49 4c 18 08 b1 4c 18 08 1d 4d 18 08 60 5f 02 5e
03 46 6d 3e 6e 6f 70 3f 71 13 72 6c 6b 3a 64 14
4f 5d 0f 4c 61 57 58 67 66 59 74 73 5a 75 76 5b
77 78 65 63 5c 62 6a 69 68 7b 7a 79 7e 7d 7c 81
80 7f 84 82 83 85 86 87 88 89 8a 8b 8c 8d 8e 8f
90 91 92 93 94 95 96 00 02 00 00 00 01 01 01 00
01 02 00 01 00 00 02 02 02 02 01 01 02 01 02 01
00 01 00 01 00 00 00 00 ff 7f 00 00 00 00 00 00
00 ff 00 01 00 00 00 00 ff 7f 00 00 00 00 00 00
48 ad 60 08 58 ad 60 08 ff ff 06 02 00 06 fe 02
06 02 00 06 fe fe 06 02 00 06 fe 02 06 02 00 06
ff ff 06 00 00 00 00 08 08 08 f8 0c f8 08 0c 08
f8 0c f8 08 0c 08 f8 0c f8 00 0c 00 00 00 00 08
10 08 f8 18 f8 08 18 08 f8 18 f8 08 18 08 f8 18
f8 00 18 00 00 00 01 01 0c fe 00 0c 01 ff 0c 00
00 00 00 00 00 01 00 00 01 02 00 00 00 0f 00 00
01 01 00 00 00 0f 00 00 01 01 00 00 00 0f 00 00
01 01 00 00 00 01 00 00 01 01 00 00 00 01 00 00
01 01 00 00 00 01 00 00 01 01 00 00 00 01 00 00
01 01 00 00 00 01 00 00 01 01 00 00 00 01 00 00
00 ff 00 00 00 05 00 00 01 01 00 00 00 0f 00 00
01 04 00 00 00 02 00 00 01 02 00 00 00 02 00 00
01 02 00 00 00 02 00 00 01 02 00 00 00 02 00 00
01 02 00 00 00 02 00 00 00 ff 00 00 00 01 00 00
01 01 00 00 00 14 00 00 01 01 00 00 00 14 00 00
01 01 00 00 00 14 00 00 01 01 00 00 00 01 00 00
00 ff 00 00 cc ad 60 08 1c ae 60 08 54 ae 60 08
1f 00 e0 03
